 
  kpoint:       1             coordinate:     0.0000    0.0000    0.0000
 
    n           k   ϵ_nk^DFT (eV)     Σ^c_nk (eV)     Σ^x_nk (eV)    v_nk^xc (eV)   ϵ_nk^G0W0 (eV)
 
    1 (occ)     1        -266.572           1.752         -91.564         -61.081         -295.303
    2 (occ)     1        -266.572           1.752         -91.567         -61.084         -295.302
    3 (occ)     1        -266.572           1.752         -91.568         -61.085         -295.302
    4 (occ)     1        -266.571           1.752         -91.569         -61.087         -295.302
    5 (occ)     1        -266.506           1.776         -91.523         -61.076         -295.177
    6 (occ)     1        -266.506           1.775         -91.513         -61.066         -295.178
    7 (occ)     1        -266.503           1.781         -91.519         -61.086         -295.155
    8 (occ)     1        -266.502           1.773         -91.548         -61.093         -295.185
    9 (occ)     1        -266.502           1.770         -91.542         -61.082         -295.191
   10 (occ)     1        -266.497           1.767         -91.528         -61.071         -295.186
   11 (occ)     1        -266.494           1.769         -91.516         -61.073         -295.169
   12 (occ)     1        -266.494           1.773         -91.514         -61.079         -295.155
   13 (occ)     1        -266.494           1.764         -91.520         -61.066         -295.184
   14 (occ)     1        -266.491           1.778         -91.475         -61.062         -295.126
   15 (occ)     1        -266.289           1.698         -91.555         -61.085         -295.061
   16 (occ)     1        -266.289           1.697         -91.557         -61.087         -295.062
   17 (occ)     1        -266.289           1.697         -91.558         -61.088         -295.062
   18 (occ)     1        -266.288           1.698         -91.558         -61.087         -295.061
   19 (occ)     1        -266.275           1.763         -91.561         -61.091         -294.982
   20 (occ)     1        -266.274           1.763         -91.563         -61.093         -294.981
   21 (occ)     1        -266.241           1.691         -91.552         -61.090         -295.012
   22 (occ)     1        -266.241           1.691         -91.552         -61.090         -295.012
   23 (occ)     1        -266.240           1.691         -91.556         -61.094         -295.011
   24 (occ)     1        -266.240           1.691         -91.556         -61.095         -295.011
   25 (occ)     1        -266.121           1.718         -91.553         -61.080         -294.876
   26 (occ)     1        -266.121           1.718         -91.554         -61.081         -294.876
   27 (occ)     1        -266.119           1.718         -91.565         -61.093         -294.873
   28 (occ)     1        -266.119           1.718         -91.565         -61.093         -294.872
   29 (occ)     1         -22.728           6.647         -26.660         -17.008          -25.733
   30 (occ)     1         -22.040           6.400         -26.377         -17.020          -24.997
   31 (occ)     1         -21.805           6.471         -26.378         -17.062          -24.649
   32 (occ)     1         -21.086           6.294         -26.114         -17.102          -23.804
   33 (occ)     1         -20.721           6.064         -25.878         -17.028          -23.507
   34 (occ)     1         -20.437           6.173         -25.863         -17.081          -23.046
   35 (occ)     1         -19.940           5.952         -25.639         -17.092          -22.535
   36 (occ)     1         -19.494           5.951         -25.502         -17.103          -21.943
   37 (occ)     1         -18.983           5.788         -25.414         -17.210          -21.400
   38 (occ)     1         -18.672           5.730         -25.363         -17.215          -21.090
   39 (occ)     1         -18.308           5.645         -25.508         -17.435          -20.737
   40 (occ)     1         -18.288           5.646         -25.223         -17.237          -20.629
   41 (occ)     1         -17.832           5.567         -25.145         -17.328          -20.082
   42 (occ)     1         -16.847           5.268         -24.731         -17.247          -19.063
   43 (occ)     1         -16.610           5.181         -24.192         -16.992          -18.628
   44 (occ)     1         -15.995           4.943         -22.570         -16.236          -17.386
   45 (occ)     1         -15.784           4.988         -22.954         -16.621          -17.129
   46 (occ)     1         -15.639           4.960         -23.152         -16.785          -17.047
   47 (occ)     1         -15.258           4.832         -23.252         -16.838          -16.840
   48 (occ)     1         -14.546           4.645         -23.023         -17.008          -15.916
   49 (occ)     1         -13.859           4.251         -21.979         -16.359          -15.228
   50 (occ)     1         -13.834           4.328         -22.316         -16.449          -15.373
   51 (occ)     1         -13.768           4.382         -22.597         -16.860          -15.123
   52 (occ)     1         -13.234           4.092         -20.160         -15.404          -13.897
   53 (occ)     1         -12.998           4.009         -20.353         -15.676          -13.665
   54 (occ)     1         -12.587           3.933         -21.988         -16.555          -14.086
   55 (occ)     1         -12.132           3.602         -19.942         -15.403          -13.069
   56 (occ)     1         -11.592           3.581         -21.247         -16.254          -13.004
   57 (occ)     1         -11.511           3.557         -20.188         -15.844          -12.298
   58 (occ)     1         -11.416           3.416         -20.135         -15.886          -12.249
   59 (occ)     1         -11.402           3.623         -20.275         -16.247          -11.807
   60 (occ)     1         -11.165           3.430         -20.575         -16.130          -12.180
   61 (occ)     1         -11.072           3.306         -17.194         -13.500          -11.460
   62 (occ)     1         -10.897           3.360         -20.055         -15.982          -11.610
   63 (occ)     1         -10.841           3.035         -17.385         -13.681          -11.509
   64 (occ)     1         -10.435           3.239         -20.610         -16.477          -11.329
   65 (occ)     1         -10.221           3.104         -19.646         -15.860          -10.903
   66 (occ)     1         -10.194           3.325         -20.430         -16.706          -10.593
   67 (occ)     1         -10.106           3.046         -19.812         -16.067          -10.805
   68 (occ)     1         -10.044           3.262         -20.033         -16.498          -10.318
   69 (occ)     1          -9.730           3.128         -19.877         -16.407          -10.073
   70 (occ)     1          -9.645           2.900         -16.765         -13.635           -9.875
   71 (occ)     1          -9.504           3.093         -16.059         -13.276           -9.195
   72 (occ)     1          -9.400           2.969         -19.900         -16.473           -9.858
   73 (occ)     1          -9.357           3.081         -19.956         -16.730           -9.502
   74 (occ)     1          -9.079           2.713         -19.307         -15.621          -10.052
   75 (occ)     1          -8.770           2.672         -19.501         -15.966           -9.633
   76 (occ)     1          -8.711           2.647         -19.398         -16.029           -9.434
   77 (occ)     1          -8.627           2.766         -15.725         -13.316           -8.270
   78 (occ)     1          -8.254           2.647         -19.460         -16.526           -8.541
   79 (occ)     1          -8.231           2.518         -16.095         -13.609           -8.199
   80 (occ)     1          -8.156           2.515         -19.357         -16.130           -8.869
   81 (occ)     1          -7.994           2.623         -19.404         -16.547           -8.228
   82 (occ)     1          -7.961           2.362         -15.390         -13.378           -7.611
   83 (occ)     1          -7.324           2.470         -19.283         -16.848           -7.290
   84 (occ)     1          -7.050           2.429         -19.408         -16.955           -7.074
   85 (occ)     1          -6.980           1.781         -14.824         -13.443           -6.579
   86 (occ)     1          -6.843           1.593         -14.788         -13.579           -6.459
   87 (occ)     1          -6.364           1.542         -14.941         -13.699           -6.063
   88 (occ)     1          -6.169           1.347         -14.518         -13.629           -5.711
   89 (occ)     1          -6.007           1.304         -14.614         -13.799           -5.518
   90 (occ)     1          -5.280           0.863         -13.966         -13.751           -4.631
   91 (occ)     1          -5.007           0.932         -14.411         -13.894           -4.592
   92 (occ)     1          -4.416           0.500         -13.812         -13.867           -3.860
   93 (vir)     1          -1.817          -1.197          -8.091         -13.646            2.541
   94 (vir)     1          -1.784          -1.306          -6.679         -12.289            2.520
   95 (vir)     1          -1.540          -1.318          -7.534         -13.447            3.054
   96 (vir)     1          -0.999          -1.619          -6.630         -12.893            3.644
   97 (vir)     1          -0.464          -1.867          -6.985         -13.664            4.347
   98 (vir)     1          -0.434          -1.765          -5.467         -11.374            3.708
   99 (vir)     1          -0.114          -1.093          -1.580          -4.859            2.072
  100 (vir)     1          -0.042          -1.081          -1.461          -4.641            2.056
  101 (vir)     1           0.147          -1.083          -1.626          -5.000            2.438
  102 (vir)     1           0.230          -1.940          -6.128         -12.665            4.827
  103 (vir)     1           0.316          -1.073          -1.540          -4.789            2.492
  104 (vir)     1           0.360          -2.215          -6.187         -13.069            5.027
  105 (vir)     1           0.458          -1.057          -1.418          -4.631            2.613
  106 (vir)     1           0.743          -1.053          -1.395          -4.554            2.849
  107 (vir)     1           0.866          -1.068          -1.360          -4.533            2.970
  108 (vir)     1           1.170          -1.344          -2.169          -6.207            3.865
  109 (vir)     1           1.235          -1.074          -1.281          -4.446            3.325
  110 (vir)     1           1.388          -1.038          -1.265          -4.351            3.436
  111 (vir)     1           1.524          -1.019          -0.955          -3.991            3.540
  112 (vir)     1           1.533          -1.008          -0.962          -4.030            3.594
  113 (vir)     1           1.642          -1.718          -3.364          -8.368            4.929
  114 (vir)     1           1.803          -1.015          -0.991          -4.236            4.033
  115 (vir)     1           1.846          -1.117          -1.619          -4.904            4.014
  116 (vir)     1           1.923          -2.138          -3.888          -9.700            5.597
  117 (vir)     1           2.071          -1.040          -1.043          -4.208            4.197
  118 (vir)     1           2.112          -1.037          -1.162          -4.478            4.392
  119 (vir)     1           2.300          -0.888          -0.692          -3.598            4.318
  120 (vir)     1           2.605          -1.155          -1.475          -4.870            4.845
  121 (vir)     1           2.624          -1.076          -1.060          -4.576            5.064
  122 (vir)     1           2.641          -2.828          -4.336         -11.295            6.773
  123 (vir)     1           2.738          -1.099          -1.124          -4.456            4.971
  124 (vir)     1           2.974          -1.421          -1.759          -5.761            5.555
  125 (vir)     1           3.051          -2.145          -3.409          -8.865            6.362
  126 (vir)     1           3.078          -1.015          -0.961          -4.137            5.240
  127 (vir)     1           3.249          -1.076          -1.100          -4.640            5.715
  128 (vir)     1           3.269          -1.074          -0.996          -4.437            5.636
  129 (vir)     1           3.486          -1.224          -1.534          -5.292            6.020
  130 (vir)     1           3.635          -1.170          -1.374          -4.784            5.875
  131 (vir)     1           3.918          -1.272          -1.160          -4.762            6.248
  132 (vir)     1           3.928          -1.405          -1.550          -5.446            6.419
  133 (vir)     1           4.314          -1.134          -0.802          -4.078            6.457
  134 (vir)     1           4.333          -1.449          -2.705          -7.309            7.488
  135 (vir)     1           4.359          -1.255          -1.793          -5.846            7.157
  136 (vir)     1           4.432          -1.269          -1.663          -5.447            6.947
  137 (vir)     1           4.499          -1.431          -2.598          -7.115            7.585
  138 (vir)     1           4.525          -1.219          -1.419          -5.231            7.118
  139 (vir)     1           4.535          -3.662          -4.649         -12.760            8.984
  140 (vir)     1           4.572          -1.720          -1.677          -5.969            7.144
  141 (vir)     1           4.746          -1.541          -2.838          -7.504            7.872
  142 (vir)     1           4.800          -1.524          -1.844          -6.133            7.565
  143 (vir)     1           5.068          -1.770          -1.742          -6.155            7.712
  144 (vir)     1           5.094          -1.678          -3.371          -8.467            8.511
  145 (vir)     1           5.416          -2.428          -5.948         -12.408            9.449
  146 (vir)     1           5.540          -1.553          -2.636          -7.008            8.360
  147 (vir)     1           5.557          -2.205          -5.136         -11.294            9.510
  148 (vir)     1           5.558          -2.109          -4.971         -10.759            9.237
  149 (vir)     1           5.718          -1.809          -3.629          -8.563            8.843
  150 (vir)     1           5.723          -1.259          -1.324          -5.108            8.247
  151 (vir)     1           5.787          -2.293          -5.365         -11.698            9.826
  152 (vir)     1           5.983          -3.321          -3.785         -10.876            9.753
  153 (vir)     1           6.000          -2.423          -5.828         -13.009           10.759
  154 (vir)     1           6.036          -2.234          -4.897         -10.957            9.862
  155 (vir)     1           6.371          -1.768          -2.978          -8.267            9.892
  156 (vir)     1           6.506          -2.023          -4.145          -9.684           10.021
  157 (vir)     1           6.517          -2.456          -5.327         -11.954           10.687
  158 (vir)     1           6.607          -1.913          -3.294          -8.488            9.887
  159 (vir)     1           6.660          -1.322          -1.001          -4.836            9.174
  160 (vir)     1           6.668          -2.100          -3.916          -9.556           10.207
  161 (vir)     1           6.714          -2.054          -3.701          -9.417           10.375
  162 (vir)     1           6.792          -2.428          -5.208         -12.011           11.167
  163 (vir)     1           7.299          -1.664          -2.317          -6.986           10.305
  164 (vir)     1           7.306          -1.485          -1.606          -6.010           10.225
  165 (vir)     1           7.361          -2.514          -4.735         -11.451           11.562
  166 (vir)     1           7.463          -2.564          -4.603         -11.229           11.525
  167 (vir)     1           7.734          -2.790          -5.557         -12.543           11.930
  168 (vir)     1           7.816          -2.297          -3.960         -10.052           11.611
  169 (vir)     1           7.882          -2.874          -3.461         -10.257           11.804
  170 (vir)     1           8.043          -2.596          -4.810         -11.674           12.312
  171 (vir)     1           8.307          -3.185          -3.295         -10.465           12.292
  172 (vir)     1           8.370          -2.939          -5.556         -12.915           12.789
  173 (vir)     1           8.401          -2.289          -3.736          -9.342           11.717
  174 (vir)     1           8.411          -2.455          -4.437         -11.395           12.914
  175 (vir)     1           8.674          -2.224          -3.306          -9.253           12.396
  176 (vir)     1           8.776          -2.607          -4.045         -10.816           12.941
  177 (vir)     1           8.942          -2.746          -4.428         -11.584           13.352
  178 (vir)     1           9.007          -3.050          -5.319         -12.967           13.605
  179 (vir)     1           9.224          -1.069          -0.519          -4.214           11.850
  180 (vir)     1           9.275          -2.722          -4.869         -11.877           13.562
  181 (vir)     1           9.297          -2.127          -2.957          -8.677           12.890
  182 (vir)     1           9.355          -3.316          -5.685         -13.821           14.175
  183 (vir)     1           9.813          -2.353          -2.917          -8.740           13.283
  184 (vir)     1           9.939          -3.232          -5.203         -12.941           14.445
  185 (vir)     1           9.975          -1.556          -1.633          -5.977           12.763
  186 (vir)     1          10.207          -1.045          -0.546          -4.322           12.938
  187 (vir)     1          10.324          -1.975          -2.807          -8.352           13.894
  188 (vir)     1          10.652          -2.534          -3.676          -9.676           14.119
  189 (vir)     1          10.776          -3.492          -5.297         -13.953           15.940
  190 (vir)     1          10.881          -2.536          -3.732         -10.496           15.110
  191 (vir)     1          11.071          -2.803          -3.999         -11.038           15.307
  192 (vir)     1          11.163          -1.165          -1.055          -4.944           13.887
  193 (vir)     1          11.533          -3.526          -5.218         -13.877           16.666
  194 (vir)     1          11.859          -3.922          -5.594         -15.165           17.508
  195 (vir)     1          11.965          -3.770          -5.795         -14.508           16.908
  196 (vir)     1          12.034          -3.748          -5.429         -14.839           17.696
  197 (vir)     1          12.240          -3.805          -5.616         -14.851           17.670
  198 (vir)     1          12.718          -3.204          -2.157         -10.120           17.477
  199 (vir)     1          12.940          -2.781          -3.649         -10.683           17.194
  200 (vir)     1          13.255          -4.171          -5.591         -15.578           19.071
  201 (vir)     1          13.840          -3.367          -2.155         -10.307           18.624
  202 (vir)     1          13.964          -2.630          -3.057         -10.364           18.641
  203 (vir)     1          13.978          -4.057          -5.217         -14.826           19.529
  204 (vir)     1          14.014          -3.288          -4.013         -12.232           18.946
  205 (vir)     1          14.391          -4.035          -5.287         -15.122           20.191
  206 (vir)     1          14.718          -4.719          -5.919         -16.821           20.900
  207 (vir)     1          14.945          -2.179          -2.650          -9.039           19.155
  208 (vir)     1          15.166          -3.871          -4.535         -13.846           20.607
  209 (vir)     1          15.359          -3.297          -3.222         -11.435           20.275
  210 (vir)     1          15.461          -3.635          -3.809         -12.511           20.528
  211 (vir)     1          15.776          -3.261          -1.915          -9.720           20.320
  212 (vir)     1          15.888          -3.319          -3.477         -11.836           20.928
  213 (vir)     1          16.048          -3.530          -2.130         -10.469           20.857
  214 (vir)     1          16.052          -3.502          -2.049         -10.231           20.732
  215 (vir)     1          16.208          -3.621          -3.488         -11.997           21.096
  216 (vir)     1          16.423          -4.669          -4.757         -15.388           22.386
  217 (vir)     1          16.543          -3.118          -2.807         -10.381           21.000
  218 (vir)     1          17.274          -3.814          -2.145         -10.601           21.916
  219 (vir)     1          17.307          -3.250          -1.853          -9.739           21.943
  220 (vir)     1          17.446          -4.614          -4.785         -15.285           23.331
  221 (vir)     1          17.489          -4.779          -5.189         -16.141           23.661
  222 (vir)     1          17.587          -4.535          -4.485         -14.761           23.328
  223 (vir)     1          17.622          -3.551          -2.032         -10.427           22.465
  224 (vir)     1          17.677          -4.467          -4.987         -15.843           24.065
  225 (vir)     1          17.750          -3.191          -3.219         -11.503           22.842
  226 (vir)     1          18.444          -3.347          -2.845         -10.893           23.144
  227 (vir)     1          18.650          -4.575          -4.201         -14.208           24.083
  228 (vir)     1          18.761          -3.632          -3.242         -11.810           23.698
  229 (vir)     1          19.069          -3.499          -1.981         -10.512           24.102
  230 (vir)     1          19.184          -4.469          -4.240         -14.781           25.255
  231 (vir)     1          19.292          -3.433          -1.951         -10.393           24.301
  232 (vir)     1          19.348          -3.306          -1.889          -9.951           24.105
  233 (vir)     1          19.619          -3.665          -1.939         -10.587           24.601
  234 (vir)     1          19.789          -3.976          -3.701         -13.344           25.456
  235 (vir)     1          19.992          -3.468          -3.199         -11.991           25.315
  236 (vir)     1          20.036          -2.589          -2.539         -10.069           24.978
  237 (vir)     1          20.201          -2.293          -2.347          -9.564           25.125
  238 (vir)     1          20.444          -3.583          -1.964         -10.558           25.455
  239 (vir)     1          20.541          -5.529          -5.101         -17.295           27.206
  240 (vir)     1          20.911          -3.603          -1.917         -10.594           25.985
  241 (vir)     1          21.083          -3.545          -1.938         -10.709           26.308
  242 (vir)     1          21.129          -3.227          -1.844         -10.308           26.366
  243 (vir)     1          21.132          -3.362          -2.091         -10.779           26.458
  244 (vir)     1          21.213          -3.127          -2.837         -11.352           26.601
  245 (vir)     1          21.229          -4.224          -3.352         -13.134           26.787
  246 (vir)     1          21.422          -4.081          -3.716         -14.033           27.658
  247 (vir)     1          21.534          -3.710          -1.961         -10.725           26.589
  248 (vir)     1          21.557          -2.614          -2.427         -10.063           26.580
  249 (vir)     1          21.732          -4.616          -1.868         -10.633           25.881
  250 (vir)     1          22.329          -3.747          -2.925         -12.049           27.706
  251 (vir)     1          22.412          -3.431          -1.916         -10.624           27.688
  252 (vir)     1          22.726          -3.733          -1.849         -10.642           27.787
  253 (vir)     1          22.729          -3.157          -2.921         -11.959           28.611
  254 (vir)     1          23.265          -3.769          -2.647         -11.286           28.135
  255 (vir)     1          23.430          -3.748          -1.797         -10.600           28.485
  256 (vir)     1          23.684          -3.666          -2.660         -11.449           28.807
  257 (vir)     1          23.697          -3.106          -1.811         -10.442           29.221
  258 (vir)     1          24.281          -3.283          -1.863         -10.356           29.491
  259 (vir)     1          24.365          -4.498          -2.975         -12.362           29.255
  260 (vir)     1          24.539          -2.788          -2.383          -9.912           29.280
  261 (vir)     1          24.585          -3.373          -1.715         -10.418           29.915
  262 (vir)     1          25.342          -3.103          -2.494         -10.490           30.235
  263 (vir)     1          26.665          -3.294          -1.619         -10.225           31.977
  264 (vir)     1          26.742          -3.719          -2.999         -12.161           32.183
  265 (vir)     1          26.864          -2.993          -2.230         -10.160           31.800
  266 (vir)     1          26.866          -2.955          -2.474         -10.749           32.186
  267 (vir)     1          27.233          -2.207          -1.865          -8.881           32.043
  268 (vir)     1          27.304          -1.205          -1.574          -9.872           34.396
  269 (vir)     1          27.766          -3.551          -2.055         -10.165           32.325
  270 (vir)     1          28.387           1.029          -1.935          -9.720           37.201
  271 (vir)     1          28.524          -3.259          -2.374         -11.011           33.902
  272 (vir)     1          28.797          -1.677          -1.895          -9.632           34.857
  273 (vir)     1          29.273          -3.363          -3.030         -11.551           34.432
  274 (vir)     1          29.485          -3.719          -2.193         -10.638           34.211
  275 (vir)     1          30.172          -3.183          -2.612         -11.146           35.523
  276 (vir)     1          30.572          -2.480          -1.862         -10.231           36.461
  277 (vir)     1          30.647          -3.108          -2.368         -11.113           36.285
  278 (vir)     1          30.862          -3.123          -1.824         -10.454           36.369
  279 (vir)     1          31.327          -2.985          -1.897         -10.634           37.080
  280 (vir)     1          31.417          -2.700          -1.829         -10.085           36.973
  281 (vir)     1          31.965           1.094          -2.135         -10.635           41.560
  282 (vir)     1          32.028          -2.817          -1.338          -9.749           37.623
  283 (vir)     1          32.056          -3.255          -2.310         -11.403           37.894
  284 (vir)     1          32.101          -2.944          -1.868         -10.517           37.805
  285 (vir)     1          32.210          -2.878          -2.328         -10.719           37.722
  286 (vir)     1          32.428          -3.264          -2.537         -11.380           38.007
  287 (vir)     1          32.545          -4.422          -1.949         -11.173           37.347
  288 (vir)     1          33.496          -3.404          -2.542         -11.609           39.159
  289 (vir)     1          33.724          -3.133          -2.509         -11.512           39.593
  290 (vir)     1          33.870          -3.031          -2.066         -10.958           39.731
  291 (vir)     1          33.938          -3.322          -2.091         -11.651           40.176
  292 (vir)     1          34.265          -2.286          -2.271         -11.155           40.862
  293 (vir)     1          34.409          -3.518          -2.325         -11.958           40.525
  294 (vir)     1          34.719          -3.117          -2.183         -11.385           40.804
  295 (vir)     1          34.810          -3.564          -2.496         -12.369           41.119
  296 (vir)     1          35.394          -3.550          -2.578         -12.000           41.267
  297 (vir)     1          36.020          -3.672          -3.407         -12.530           41.470
  298 (vir)     1          36.707          -3.760          -3.435         -12.953           42.465
  299 (vir)     1          36.862          -3.983          -3.346         -12.847           42.381
  300 (vir)     1          36.921          -3.892          -3.344         -13.210           42.895
  301 (vir)     1          37.185          -3.846          -3.626         -13.115           42.828
  302 (vir)     1          37.188          -3.671          -3.326         -12.645           42.835
  303 (vir)     1          37.704          -3.788          -3.299         -12.811           43.428
  304 (vir)     1          37.791          -3.401          -2.710         -12.212           43.892
  305 (vir)     1          38.402          -3.721          -3.037         -12.601           44.245
  306 (vir)     1          38.567          -3.077          -3.067         -12.751           45.174
  307 (vir)     1          38.662          -3.853          -3.468         -13.071           44.412
  308 (vir)     1          38.836          -3.150          -2.892         -12.653           45.447
  309 (vir)     1          38.938          -3.536          -3.094         -12.773           45.081
  310 (vir)     1          39.065          -3.049          -3.210         -12.860           45.667
  311 (vir)     1          39.422          -3.513          -3.498         -13.216           45.627
  312 (vir)     1          39.611          -3.752          -3.446         -13.167           45.581
  313 (vir)     1          40.369          -3.669          -3.157         -13.216           46.760
  314 (vir)     1          40.467          -3.319          -2.437         -12.325           47.036
  315 (vir)     1          40.470          -3.724          -3.113         -12.887           46.520
  316 (vir)     1          41.886          -3.448          -2.884         -12.727           48.282
  317 (vir)     1          42.095          -5.080          -2.460         -12.191           46.746
  318 (vir)     1          42.450          -1.922          -1.668          -9.576           48.437
  319 (vir)     1          42.606          -4.030          -3.666         -13.766           48.675
  320 (vir)     1          42.639          -2.074          -1.648          -9.553           48.470
  321 (vir)     1          43.570          -3.743          -3.303         -13.238           49.762
  322 (vir)     1          43.651          -3.503          -3.096         -13.283           50.335
  323 (vir)     1          43.778          -3.878          -3.579         -13.738           50.059
  324 (vir)     1          44.285          -3.759          -3.386         -13.534           50.674
  325 (vir)     1          44.337          -3.911          -3.183         -13.637           50.879
  326 (vir)     1          45.155          -3.470          -2.974         -13.074           51.785
  327 (vir)     1          45.170          -3.916          -3.472         -13.710           51.491
  328 (vir)     1          46.490          -4.017          -3.478         -14.006           53.001
  329 (vir)     1          46.606          -3.410          -2.763         -13.094           53.528
  330 (vir)     1          46.791          -3.908          -3.342         -13.756           53.297
  331 (vir)     1          47.044          -3.320          -2.720         -13.123           54.127
  332 (vir)     1          48.105          -3.957          -3.446         -13.993           54.694
  333 (vir)     1          49.792          -3.275          -2.963         -13.203           56.758
  334 (vir)     1          51.310          -3.609          -3.032         -13.139           57.809
  335 (vir)     1          51.986          -3.621          -3.264         -13.636           58.737
  336 (vir)     1          52.012          -3.811          -3.195         -13.859           58.865
  337 (vir)     1          53.482          -2.758          -2.558         -12.805           60.970
  338 (vir)     1          53.751          -3.125          -2.789         -13.153           60.990
  339 (vir)     1          54.727          -2.620          -2.447         -12.788           62.447
  340 (vir)     1          57.778          -3.150          -2.622         -13.606           65.612
  341 (vir)     1          58.963          -3.516          -2.925         -13.648           66.169
  342 (vir)     1          60.273          -1.558          -1.849         -12.130           68.996
  343 (vir)     1          61.566          -2.330          -1.708         -11.860           69.387
  344 (vir)     1          65.336          -2.349          -1.919         -12.486           73.555
  345 (vir)     1          68.818          -3.374          -1.422         -12.699           76.721
  346 (vir)     1          70.385          -2.408          -1.587         -12.700           79.090
  347 (vir)     1          84.454           0.410          -1.673         -13.360           96.551
  348 (vir)     1          91.037          -0.080          -1.399         -13.763          103.321
 
